104.77 -0.6500209966405379 62.954309612507046 0.08215470103504886 515.11600441582 1048.6842105263158 328.58960808304056 1375.0 268.5664819944599 100.0 687.5 750.0 1218.75 1500.0 468.75 515.0592514066129 232.34794010294794 364.2018893824828 1.5674849074242425 13.300561463103541 81.45831710152 477.87882003956554 206631.48090630837 6.436851444303558e-05 0.0003942202647158839 0.0023127106186508297 0.17045810294495942 3.6813961938446353 16.88959150451873 37.331904020006675
72.03 -1.3658626101042823 52.86107462639493 0.10801833711496792 331.67808778341487 1188.6160714285713 234.42194116093648 1031.25 190.7684948979592 100.0 875.0 1031.25 1343.75 1459.375 312.5 331.6473140829767 165.761344253812 234.5100647503776 1.4147451916853322 4.3011580178106446 60.57618257316467 307.23519716759756 77418.25836999982 5.555741124082658e-05 0.0007824534399063466 0.0039685108349925575 0.19716550425086946 1.6918940233309225 9.651206103786743 30.893964541797423
103.02 0.21363322797156922 66.00020976771349 -0.02087989419189906 331.91543007635585 974.5710784313726 272.77292812063234 1218.75 206.18872549019608 100.0 656.25 750.0 1085.9375 1309.3750000000002 335.9375 331.8023490068893 192.8795871982098 234.61969099639694 1.2164049830493133 6.763074325018941 203.4635981704928 469.06812507250817 194492.04528507357 3.47730125163015e-05 0.001046128122475494 0.0024117599482538173 0.43376129669659724 2.848184160347593 31.21699431355183 37.125704939491115
84.02 -2.431071919299298 67.93145283551516 0.12918909332292228 461.9452452980389 969.3627450980392 323.93243521243824 2000.0 239.73952326028453 100.0 656.25 718.75 1085.9375 1434.3750000000002 367.1875 461.94151502129216 229.05482158498702 326.6419777831431 1.4260427941349751 5.314023658764736 98.37216275616127 511.8106326442681 168305.88874198025 3.157360505021514e-05 0.0005844843783628378 0.003040954992542742 0.1922042186734609 2.209370004480716 25.929752037290395 43.081618746907374
61.0 -0.08590564938846826 63.24711582292106 -0.053358992402678884 214.7400317826185 975.8663366336634 166.1109411142652 1093.75 112.27453190863642 100.0 812.5 875.0 1031.25 1125.0 156.25 214.6663472112012 117.45817289117619 151.79202980558628 1.2923070917016568 6.780226869828104 113.2762374269625 387.8575965746004 152887.09031889093 4.434793582431289e-05 0.0007409143387495415 0.002536889123637643 0.2920562557685395 2.057990440912943 18.843003109110683 31.30995431787741
95.45 0.5454803761358434 65.60753065336425 -0.1073647087939432 340.49993730099305 973.9583333333334 291.0560177943089 1593.75 203.73774509803917 100.0 718.75 781.25 1062.5 1309.3750000000002 281.25 340.4379377714405 205.80768388750826 240.72597437134942 1.1696646588906128 3.0049362577812344 75.18442185045237 311.81872532098924 96921.61448422066 3.100377840146744e-05 0.0007757239935648491 0.0032172258683511195 0.2411158014101199 1.5715401014119448 12.048557479379845 23.727540082994224
86.05 1.40507800780078 64.99669448125017 -0.11067849311247399 295.39687179908805 991.5625 242.53926067494723 875.0 214.28125 100.0 656.25 718.75 1187.5 1281.25 468.75 295.3961971867903 171.5011559272269 208.87665416749795 1.2179314654656357 3.7655031563239802 47.361016216621586 196.68881821766175 66544.19771540082 5.658649868210075e-05 0.0007117227022433614 0.002955762109551147 0.24079160496155133 1.225018162678048 9.580844885324323 21.47267869931337
80.25 0.823423651935185 60.196263007295435 -0.042970748533281 404.91524039257143 1065.524193548387 304.0201806591227 1312.5 234.28286507110647 100.0 718.75 843.75 1187.5 1518.7499999999998 343.75 404.90612206618084 214.9747313616249 286.3118646569444 1.331839620607866 16.639556514125886 141.88836381231573 489.86334062021547 168862.94050182452 9.853882956601778e-05 0.0008402575685976679 0.0029009523295309586 0.2896488715254157 6.924155362935024 29.015921354423064 40.62188118275558
78.78 -2.593923933209647 64.9436951203184 0.17786489922008805 434.8842173791896 1005.6818181818181 320.82852577701027 1312.5 270.5463728191001 100.0 681.25 750.0 1250.0 1468.75 500.0 434.87474772768087 226.86002617500702 307.5028830850323 1.3554740703759542 1.40542701169425 32.973644159082134 364.4359576450483 128465.11283412468 1.0940145388024142e-05 0.00025667392050367796 0.002836847682651486 0.09047856960151461 0.5134546150750657 5.1457555951676754 37.370223842756374
118.35 1.6570299782962565 61.458296930307455 -0.14028716460827215 363.9687802907219 1035.8072916666667 255.23407475410016 1187.5 203.88454861111111 100.0 687.5 867.1875 1226.5625 1390.625 359.375 363.95673961372023 180.4777450484984 257.3562786394081 1.4259723744345916 7.872224235698948 132.520265233348 529.0618657057097 305100.00808230677 2.580211087236438e-05 0.00043435025146770247 0.0017340604775172106 0.2504816049377906 3.2228849832122255 21.665050738649462 49.8406199059279
80.13 1.0115754222481068 63.943924065862255 -0.07980611641714605 348.3358876501243 982.6732673267327 231.67171406377037 1250.0 169.79952945789628 100.0 750.0 812.5 1093.75 1187.5 281.25 348.33462606917215 163.81664002360287 246.30977621559194 1.5035699436888912 3.078541965075247 101.20067653694161 378.2825569096999 102294.44629557944 3.0094908145646642e-05 0.0009893076330314415 0.0036979774622040943 0.2675266799602904 1.2967121889506885 19.040781956114973 30.203115238971353
70.8 0.20474853342910948 50.88500092702066 -0.06410439274102571 309.9821405648006 1208.0792682926829 229.02790288937203 1125.0 177.64723378941105 100.0 850.0 1093.75 1375.0 1406.25 281.25 309.9782991959482 161.94718321400904 219.18775738212747 1.3534521134120405 1.9431936148641753 33.042061931682674 152.8301424405276 45854.78864881945 4.2377114192940535e-05 0.0007205803996772615 0.0033329156440122915 0.21620121138433593 1.2040230795930345 6.821311751884044 11.472325674696231
45.85 6.121028830770234 53.35776873165739 -0.3639965083168595 309.41766914880844 1200.8384146341464 279.50979620892525 1156.25 231.99546400951817 100.0 721.875 976.5625 1406.25 1468.75 429.6875 309.2673063318154 197.643272307401 218.68500950652395 1.1064632099715292 17.318062561087665 73.13850657513096 265.1322949735132 94345.80178824387 0.00018355944019594534 0.0007752173937669001 0.0028102182603587825 0.2758566495358007 6.226683560133483 10.001281428753947 29.420648725673615
72.8 -0.3572821025348154 66.36424328908723 0.046142614370632176 402.3664298528755 962.0752427184466 278.1364363525262 1500.0 198.23381091526065 100.0 718.75 781.25 1062.5 1281.25 281.25 402.3547656716268 196.67216023993183 284.5077832491316 1.4466093365835 8.148468556533473 116.38252000603681 493.99293247347106 118900.46450388154 6.853184796656083e-05 0.0009788230894778168 0.004154676220439362 0.23559551636356035 2.846688482649663 34.2357218690601 40.980888117002635
60.88 -0.782658785814466 57.4820592961481 0.08164946815254041 248.70889135164154 1078.125 186.33583337327536 1125.0 149.11684782608697 100.0 843.75 937.5 1218.75 1309.3750000000002 281.25 248.61404103952898 131.7593313562896 175.79667431724155 1.3342256104948713 4.514780383717285 57.58112270744583 205.24223606513758 102538.10645162775 4.4030268745474906e-05 0.0005615582801366598 0.002001619136218011 0.28055201410479347 3.0789566492609186 9.099749604620815 17.016050855413532
79.7 0.7907433376118878 66.03464205647931 -0.0961293826497143 345.1955429481776 964.7671568627451 252.42662557420385 1062.5 210.5440215301807 100.0 687.5 750.0 1125.0 1340.6250000000002 375.0 345.18666837086613 178.4925786955571 244.08383398023136 1.3674732908450433 1.544839333055049 48.14480124812655 309.25012536619386 82902.35892961248 1.8634443615370236e-05 0.0005807410292028417 0.0037302934362671144 0.15568239848283524 0.6647385902577402 15.446944656057617 24.95349300324493
109.88 1.6687617498731768 59.389052540252194 -0.05423790387586552 387.89809057080737 1066.532258064516 274.70451678132713 1156.25 220.14828303850155 100.0 725.0 906.25 1218.75 1343.75 312.5 387.8943724898548 194.24542663865014 274.2827411716769 1.412042208241629 1.2541024913392096 69.56219586540661 487.0205603564726 167026.65426810834 7.50839736827959e-06 0.000416473623148474 0.002915825396195241 0.14283215438479818 0.44081739520855306 11.896237677733202 47.60077581292366
88.93 -1.4556745508931248 67.24892368382699 0.05738211426818836 476.92946125695727 969.3627450980392 330.573566883192 1843.75 241.58977316416764 100.0 656.25 757.8125 1125.0 1371.8750000000002 367.1875 476.90045550033375 233.75081082412973 337.2195460352393 1.4426454601218808 9.36098330088966 68.65513174110903 337.71235084186856 98966.1726459171 9.458770659325737e-05 0.0006937232177983134 0.003412401852197939 0.20329470204439257 4.395476224905237 17.404395843832184 34.82729510387489
50.52 2.044545778934554 52.352035294126956 -0.13533287916102787 196.7969502663757 1194.6536144578313 196.28786884781042 1031.25 166.76948758890987 100.0 937.5 1031.25 1343.75 1406.25 312.5 196.7969502663757 138.7964831269424 139.156458050186 1.0025935449885597 7.852640243627389 81.75555471752583 345.1232949681836 98578.8509052676 7.965846803361126e-05 0.0008293417296585386 0.003500987197546465 0.23688796412616178 3.1862560613904316 13.582693509179647 31.864812240155548
69.82 -0.7980035740958071 66.04785659258116 0.03767798835778166 340.6607656915504 949.21875 227.79989924394806 1218.75 158.87920673076923 100.0 750.0 804.6875 1000.0 1243.7500000000005 195.3125 340.65590185377727 161.07885350900796 240.88009825202488 1.4954172630646034 3.883390810478285 117.54774299202617 388.3693153359018 105823.60015615236 3.669683137549647e-05 0.0011107894913665172 0.0036699688421375524 0.3026700059719156 1.8214480388272922 22.18970150442729 44.66240554158854
99.27 -0.9009740259740261 65.75234606152956 0.07407388338483896 404.5416395598296 994.9494949494949 278.2247179194564 1125.0 229.30058157330888 100.0 625.0 718.75 1171.875 1256.25 453.125 404.5384976308701 196.73458473456193 286.05191492580633 1.453999129394321 12.906341861869443 155.0753539715661 446.0634387580063 198453.10360050324 6.503471917401e-05 0.0007814206538373979 0.002247702004479386 0.3476531374177384 5.11928399931689 23.444419275493626 32.30079298913701
74.75 0.7448206555349417 63.219868244195666 -0.013011657128076308 332.0270295350015 999.6843434343434 253.85657583221237 1156.25 190.90526476890113 100.0 718.75 843.75 1125.0 1343.75 281.25 331.99257475283116 179.50370621975438 234.7542009113087 1.3077958436351995 3.4257529399249163 93.11609548639044 358.9711456163282 91073.07740781868 3.761542969043026e-05 0.0010224327335445497 0.003941572590205569 0.25939715941936403 1.1852277199839703 17.296060407975347 28.8671536315697
51.48 -0.8729957091237579 50.28321058794102 0.025496132240964565 148.7660836892939 1209.4907407407406 112.13121615539688 593.75 90.8493369913123 100.0 1062.5 1125.0 1281.25 1343.75 156.25 148.76557084338896 79.28874332617568 105.19314395044806 1.3267096883817118 22.95372524493881 72.10625499780222 183.1305698982595 318633.1352578165 7.203809869418068e-05 0.00022629867085059653 0.0005747379968818452 0.3937423175052738 7.604607402150338 11.25549788397833 17.23712736091585
46.42 -1.3391214049108782 46.86599719055496 0.03231546920142514 140.44213256243373 1284.090909090909 114.97787695936398 625.0 88.91676505312869 100.0 1125.0 1218.75 1343.75 1406.25 125.0 140.36928022765838 81.30163648439877 99.256069919252 1.2208372944411587 18.394201175203115 84.31425500575486 207.44673989166924 640959.38152607 2.869792018865233e-05 0.0001315438348136972 0.000323650368292849 0.40643808164825634 7.648135743854148 14.173506478387997 17.81610660495091
85.15 1.9274170064065228 66.23704679805252 -0.10920414058509069 348.868147550045 976.7945544554456 263.68974933809926 781.25 250.83937849230466 100.0 656.25 718.75 1218.75 1281.25 500.0 348.8668878938642 186.4568098863509 246.68614216119843 1.323020287172984 14.807315364190295 130.08491712210497 400.7377079695826 418397.970892934 3.539050472111256e-05 0.00031091192159579824 0.0009577907538947635 0.3246136176732809 5.200359299640399 26.05081102719626 42.549568213564676
77.62 1.1418963929544077 68.39896205112878 -0.012408535064304792 337.7341300057705 922.3130841121496 251.5418461068152 1781.25 168.2297580574723 100.0 718.75 750.0 968.75 1262.5000000000002 218.75 337.734001333949 177.86694513431198 238.8140025805018 1.3426553337393135 2.9049958724703346 29.20050762535579 231.3831678097461 56150.028818866536 5.173632024021775e-05 0.0005200443924891514 0.004120802298359655 0.12619979189396263 0.889030907813927 5.506019517916957 24.348675133906937
80.7 -2.0913134150493704 57.90197509161475 0.14623021103247028 394.2305193852611 1117.2752808988764 319.2487869741586 1750.0 240.7761015023356 100.0 712.5 843.75 1250.0 1375.0 406.25 394.226520889202 225.74298215500707 278.76024624433484 1.234856754275193 10.689427567950885 104.77789910165868 379.77983337788885 208365.79249426085 5.130125938616009e-05 0.000502855568792774 0.0018226592226665485 0.2758911608595143 3.0745020379120147 20.380095730186117 29.99166547739266
92.37 -0.3691030867792661 66.62002114409296 -0.022423330173528946 437.7231573723282 985.1485148514852 301.94405622872216 1468.75 261.9963729046172 100.0 656.25 718.75 1218.75 1343.75 500.0 437.72271117112484 213.50668969830164 309.5166973484629 1.4496814960965834 3.9848735372188995 60.451360773951876 367.68371274764803 337772.37827163667 1.1797511559735245e-05 0.00017897070531130546 0.0010885547084372798 0.1644113097156452 1.767483877495704 14.143093967706907 40.168793559819235
66.65 -0.24450018409425694 61.77095474047615 0.008917803717209332 334.45043930927443 1016.430412371134 280.0156469815019 1593.75 198.19454777340846 100.0 781.25 843.75 1125.0 1325.0000000000002 281.25 334.44030060705734 198.00096281895839 236.48500446131766 1.1943629015458226 13.39048701126669 65.00387773885669 463.910766086728 119934.17706431675 0.00011164863376755245 0.0005419962793757883 0.003868044767905882 0.14012151148633664 3.611105358281726 13.293038417454285 38.6599948754413
83.03 -0.48259214800842154 70.45317527587298 -0.022799520463151084 422.56941378028864 918.9814814814815 313.5410044358154 1937.5 239.54046639231825 100.0 656.25 710.9375 1093.75 1312.5 382.8125 422.5693128539578 221.70697041660645 298.8016266403733 1.3477322164427188 1.8140713900490244 65.14068901145257 606.4261199275652 153719.87548475695 1.1801150530003583e-05 0.00042376230663751735 0.003945007878878351 0.10741735369055891 0.8488171800971281 15.57934750642287 50.7460578891399
91.27 0.9627965232484746 64.0525512562582 -0.10206682922307186 431.48299110693034 1015.4639175257732 297.01057374199644 1437.5 246.30008502497603 100.0 656.25 750.0 1156.25 1468.75 406.25 431.4338722091831 210.0181907770728 305.0698166726837 1.45258758559874 7.077764218326967 91.01544046496345 471.09134930394816 564158.1594661524 1.2545709212155087e-05 0.00016132965364019355 0.000835034185714391 0.1932012561882988 2.510017972253526 14.290632894111921 48.26877043638139
80.77 0.9375333404459619 69.91646128471425 -0.07490687102511287 406.0048737691111 956.1298076923077 317.8484383862511 1562.5 258.517474112426 100.0 656.25 687.5 1156.25 1343.75 468.75 406.0007927461827 224.75278617247267 287.08591371793983 1.2773408446097458 10.391280014537086 69.7791812455139 484.66720024223304 108944.76510780974 9.538117783129888e-05 0.0006405005433392022 0.004448742440837935 0.14397339289854727 3.741117590150841 17.910185929074434 32.80896314270941
51.72 -2.27811453370442 53.42803350060371 0.125889108826576 239.1006433430467 1154.4331395348838 184.89927500116724 875.0 146.0079772850189 100.0 906.25 1062.5 1281.25 1343.75 218.75 239.0961208746412 130.74353118980164 169.06648842585722 1.2931155131524004 5.129627452875498 57.736691785293914 286.0400409902963 80560.69156901394 6.367407420380818e-05 0.0007166856522803384 0.003550615510112079 0.20184828524497586 2.802602608536024 13.087473083103259 21.58316568715874
86.77 -0.816076612067178 67.9277997132638 0.09768727191239089 371.43993215204443 947.0238095238095 270.82613805198747 1281.25 232.5453514739229 100.0 656.25 687.5 1187.5 1281.25 500.0 371.4398106132711 191.5029987391244 262.6476088872909 1.3715065070343024 15.042522400440925 75.23555020034442 332.17172505272634 328467.4097586282 4.579608799391943e-05 0.00022905027398496157 0.001011277573311825 0.22649594931176673 5.340116749123386 11.964587340588427 32.97049686985804
84.98 -2.153842240911558 63.10850352554494 0.16247525275910923 435.4038128716352 1036.4583333333333 287.42733834203887 1125.0 239.69184027777774 100.0 687.5 750.0 1250.0 1468.75 500.0 435.4033158321984 203.2418200400558 307.87663717605557 1.514829168108108 3.4336708192134733 62.22539545320641 406.4887914715878 236222.26062488992 1.4535763099253311e-05 0.00026341884667684844 0.0017207895242230082 0.1530802244950849 1.4506274544754827 12.518906546240231 32.37189557793948
68.58 0.02150458764536424 66.0456136503952 -0.030789873939119 230.62842861923733 946.2139423076923 187.42269694370134 1000.0 133.48858173076923 100.0 750.0 843.75 1031.25 1156.25 187.5 230.57733450981323 132.52785995716243 163.04279681980788 1.230252996407766 4.67495378294897 143.6523125916638 489.60196497286194 100161.25372371885 4.667427382492827e-05 0.0014342104082274078 0.00488813734623732 0.2934063236442 1.4017110108493624 32.80698876221436 39.47846141584203
50.32 -1.0285042609462236 52.02905260663721 0.06300792212605616 235.0726405634297 1188.629518072289 178.9889205422396 1000.0 132.89301785455075 100.0 950.0000000000001 1093.75 1312.5 1343.75 218.75 235.06151932808586 126.56427947267775 166.21359431290222 1.3132741323651578 16.403366016911907 139.9648330298251 515.9767347206771 301940.16376557155 5.4326545406683936e-05 0.000463551556984962 0.0017088708182634658 0.271261907003607 7.45162626101325 24.730422914239526 40.3867969370616
75.33 2.5226037737982825 65.03779874339035 -0.17273775193202076 308.40447455531927 973.6519607843137 237.09593376918303 1093.75 191.8492887351018 100.0 718.75 781.25 1125.0 1278.1250000000002 343.75 308.3919026674023 167.65214255994587 218.06600563914188 1.3007051524031075 2.4046596940868965 76.88731166656302 492.10940475572767 108937.99327348429 2.2073655130126167e-05 0.0007057896823336982 0.004517334953291342 0.15624028096908288 0.7481418414941952 12.97660330813956 50.711193498500755
89.57 -1.1758118701007836 62.17909570461493 0.12181880583297118 430.3775286353312 1039.4736842105262 285.8077530017341 1218.75 234.21052631578948 100.0 656.25 750.0 1187.5 1250.0 437.5 430.34041945858877 202.096600263216 304.2966288178314 1.5056989005332466 17.423681008636475 92.66354965401065 253.4974559781736 257990.02914605895 6.753625737517243e-05 0.00035917492610363613 0.0009825862527216432 0.36554035343845453 5.786409549764753 18.276742540654542 20.941664333398318
81.47 2.8099029560277717 63.558230966795115 -0.17265859526377905 449.2923399868212 1022.8737113402062 325.08534589886506 1531.25 252.86959294292697 100.0 687.5 781.25 1187.5 1450.0000000000002 406.25 449.2621506812278 229.87005254946186 317.67631327714867 1.381982166679991 3.0345202759321346 67.6971583062251 254.34608753040754 84060.55767168177 3.609921656461245e-05 0.0008053379632649148 0.0030257482769007536 0.2661615870074345 1.1312750367043583 11.238438349391691 26.842442102157765
81.95 1.1753785672684918 64.39701721216598 -0.09068600681588715 278.51096814129244 981.1262376237623 227.95260880519012 1093.75 192.32795804332915 100.0 718.75 781.25 1156.25 1250.0 375.0 278.50658514431933 161.18683547531424 196.93389496065677 1.2217740634955092 9.361604502617986 97.92614731328888 377.2979673869536 172815.68781621274 5.417103401268716e-05 0.0005666507974520929 0.0021832391037797743 0.2595459180220196 3.837446632484215 21.771618559822212 31.25777850944121
65.92 0.9439811538486061 65.13653284237394 -0.05972283885784019 498.23504537331 1005.1020408163265 348.9773540923601 2000.0 255.07600999583508 100.0 687.5 750.0 1179.6875 1437.5 429.6875 498.22994160899015 246.76425355924675 352.3017703018945 1.4276855955447727 10.345682379648661 231.81925767932015 899.3728384175803 265356.21155011706 3.8987903539973104e-05 0.000873615342656251 0.003389303883876554 0.25775656966381066 2.992811404676023 57.02879695409514 74.5322456985197
75.1 1.266620284477427 63.44933682714431 -0.03412176363784063 356.2628667565451 1005.3661616161617 325.39798148569355 2468.75 222.9364350576472 100.0 687.5 812.5 1140.625 1375.0 328.125 356.2558740117237 230.09111929294855 251.9109443512301 1.0948312352312082 3.8345641228660536 74.68503117520427 415.0320284688377 152250.83813337612 2.5185832602818677e-05 0.0004905393762744218 0.0027259753283279645 0.17995004253222815 1.9696609755133865 20.73038799621911 43.37609820149595
70.82 0.04823976115487059 66.57621521191477 -0.007145426245155671 411.20596607375904 970.8946078431372 305.7249589658165 1687.5 220.67834486735862 100.0 718.75 781.25 1023.4375 1403.1250000000002 242.1875 411.20596607375904 216.1801916627078 290.7665270751204 1.345019286173938 3.293642544210659 139.5387476515222 564.3998627444794 137057.97821317572 2.403101656065457e-05 0.0010181001461621443 0.004117964310451372 0.24723384405693155 1.611290263352635 28.742537431127 43.40114087251669
60.58 0.4839267671220844 65.67562775585192 -0.056636128391256084 343.73607369294706 962.6820388349514 227.44334137674784 1343.75 174.71604298237347 100.0 718.75 812.5 1109.375 1218.75 296.875 343.68678095576934 160.82672902322525 243.02325341800005 1.511087459740008 8.067373432183274 51.403024323717304 522.4121478741283 94611.34638530166 8.52685617571613e-05 0.0005433071855291029 0.005521664872483917 0.09839553795388103 2.7815199079428368 9.06074649307644 47.46596123280287
80.85 -0.15732823282328232 66.1946234610805 0.01394174949149415 504.0476944524479 990.3125 315.97119009294187 1343.75 256.54375 100.0 684.375 750.0 1156.25 1468.75 406.25 504.0476944524479 223.42537117430285 356.41554278877084 1.5952330790164253 3.2757941487170865 80.55978069085765 421.19025543926534 105406.55563897036 3.107770791730507e-05 0.000764276758713037 0.003995863946848721 0.19126696225875572 1.1468669832769451 19.783476038716863 78.94568977170564
73.5 0.7859065130224323 61.75810612285776 -0.04718425343642847 442.5946644079271 1052.8590425531916 348.64224782160954 2343.75 256.67015617926666 100.0 718.75 812.5 1187.5 1512.5000000000002 375.0 442.527182592457 246.52729764278092 312.9139716705038 1.2692873148835528 6.4405930315287145 86.26334758577066 440.6916699715771 137478.88751898758 4.684786986393956e-05 0.0006274661451116019 0.003205522520035754 0.19574535545755678 2.7341363414966127 15.55269146271826 32.40746359271418
69.5 -0.061677631578947206 61.72064009669458 0.014467970011468708 345.792377621388 1030.9244791666667 250.58910050398322 968.75 211.86659071180554 100.0 718.75 843.75 1218.75 1406.25 375.0 345.76170981226244 177.1932522578038 244.490449682906 1.379795486383361 7.278627905260352 138.68922363500886 573.7285615533696 238336.35803778752 3.053930992814092e-05 0.0005819054414392793 0.0024072221555991326 0.2417331695314382 3.3144785118867675 26.758822803292936 46.89775171622693
68.92 -1.225997599759976 65.06922348890329 0.07981576137803832 394.39781565691953 989.375 287.43953168449184 1781.25 209.1125 100.0 687.5 812.5 1093.75 1343.75 281.25 394.34210549497186 203.25044203518965 278.8419769028755 1.3719132618397867 6.012583930635643 103.41615949626728 627.8788635569716 148460.88188416747 4.049944910960987e-05 0.0006965886109780414 0.004229254572573918 0.16470718397878295 3.6888219929880286 20.451576402856034 58.73264665968677
95.02 0.12722574370515297 66.33766032467982 -0.026243263535044234 447.5939527458492 973.6519607843137 299.37975538992583 1593.75 247.51297577854675 100.0 656.25 718.75 1179.6875 1340.6250000000002 460.9375 447.59352498277843 211.69345518618638 316.496416730513 1.495069445827465 7.106881311470133 83.72193199662269 396.57367317481703 169948.742841898 4.1817792780506827e-05 0.0004926304872670259 0.0023334898896177564 0.21111318693038028 2.0615339887514246 13.688951763250397 36.94081044275063
82.43 -0.9458113242516917 69.77624553434251 0.06983315572263077 312.3552905687629 907.1100917431193 220.1771399840393 1187.5 167.9467216564262 100.0 687.5 718.75 1000.0 1156.25 281.25 312.34671309086866 155.6887487449739 220.86247890788218 1.4186155434370287 2.710024626072917 88.45681680732882 516.2524629191275 183843.03754359725 1.4740969591683619e-05 0.0004811540213283945 0.0028081153891764948 0.17134410615138476 1.1904603690038498 16.691206559994274 44.27159955256208
64.47 -0.18415803471444556 62.578440417948826 0.01829032237363464 474.9479429761056 1042.1052631578948 328.9039445022532 1437.5 250.5817174515236 100.0 687.5 812.5 1156.25 1550.0000000000002 343.75 474.94782662557105 232.5702095165471 335.838828916754 1.4440320177501471 23.356295467951895 85.48484458675486 467.24952560977454 159975.3486244856 0.00014599934095331618 0.0005343626085004866 0.0029207595396873415 0.1829533041798054 6.9377089875431555 15.096637575517093 50.439411011757315
88.62 -0.6263592546875918 70.63809133465726 0.06786427137421584 473.6477617814382 930.4906542056075 325.13331903436324 1562.5 236.5490435845925 100.0 656.25 718.75 1031.25 1325.0000000000002 312.5 473.6146391207803 229.9039746788874 334.8961229915232 1.4566782651725831 5.0333401059690726 56.11790382220471 317.32908962514244 55683.65432036703 9.039169873820695e-05 0.001007798509403483 0.005698783484996155 0.1768444988402929 1.5011710570483288 9.739576336950002 23.26811647821489
73.22 -0.7146602783568912 63.52508264514475 0.044676314277237124 400.3713241041976 1009.2474489795918 276.75724161132376 1218.75 210.4917221990837 100.0 718.75 812.5 1148.4375 1384.375 335.9375 400.36302849875096 195.69692228585077 283.0994123878498 1.44662168970819 4.52754711110758 81.55282762578562 450.69325013836954 130998.58580117466 3.456180143791279e-05 0.0006225473895539897 0.003440443630608478 0.1809497426481264 1.477890199107021 13.738100010519137 48.626020059600734
71.73 -0.4270897535213259 65.805996869505 0.034621887941381456 351.2624200615898 966.6053921568628 264.7769696780765 1500.0 187.99860630526723 100.0 750.0 812.5 1062.5 1278.1250000000002 250.0 351.25574283954 187.22559076139277 248.3753176925568 1.3266098757252447 3.6561545062258363 157.56376325190934 509.3030636801434 157342.6574805867 2.3236893063643222e-05 0.001001405250012063 0.003236903912996273 0.30937132424332675 1.1187496234018115 33.045447940098 39.01231673369416
63.15 -1.377982482633645 64.92772679504031 0.31674167340611314 263.58195391295556 962.2093023255813 183.6521526399315 812.5 150.8923742563548 100.0 725.0 812.5 1078.125 1218.75 265.625 263.54414541331147 129.86168251120247 186.3538523637661 1.4350180034644964 0.5093437130680123 4.647760522692577 37.51633123563716 22084.36708772847 2.306354132969639e-05 0.00021045477573478568 0.0016987732130428 0.12388632815667275 0.5093437130680096 1.2227813258581581 6.615752676703869
72.33 0.18827514253805888 67.87047644280227 0.041168204428505606 315.9450436971475 925.8177570093458 237.93627555869807 1437.5 171.55974320901387 100.0 718.75 781.25 1000.0 1250.0 218.75 315.9383038898023 168.24635393782637 223.40211711705535 1.327827390539537 0.7994796861643646 33.68990394433151 173.76679593429557 30560.47215100801 2.616058031479054e-05 0.0011024012907215597 0.005685998405903688 0.19387998589253083 0.3670468724112822 6.78476561135897 18.27790756393254
98.62 -2.5302998425237018 65.35942863252895 0.11122283073651315 386.3197022818458 1005.7397959183673 306.32765762243565 1781.25 241.25364431486875 100.0 656.25 789.0625 1187.5 1331.2499999999998 398.4375 386.30035797880936 216.60636396981525 273.1556027016069 1.2610691472558577 5.409492269615813 84.08568661638418 583.9161411864126 423694.67123725434 1.2767430503242475e-05 0.00019845821135970604 0.0013781531391020014 0.14400301804560015 1.8315759997655723 21.751860903978088 44.04344042010114
67.22 1.1611030478955007 66.51190664968658 -0.0043693756225661054 266.8418113483227 941.3690476190476 202.8762321948265 1156.25 152.11451247165533 100.0 718.75 781.25 1031.25 1218.75 250.0 266.7671924547377 143.45515952653838 188.63289078284183 1.3149258026369266 21.207551445058346 87.2652493853084 436.07091571435745 192956.35691989728 0.00010990853985630708 0.00045225381935219244 0.0022599458378838757 0.2001171053619874 5.8481596494528185 22.690966824748866 32.72981745875937
62.47 -1.6642289228922893 61.1607516588973 0.09735400489091789 135.12497722366865 988.4375 105.84989002710395 531.25 85.8 100.0 875.0 937.5 1062.5 1125.0 125.0 135.08035809301245 74.8471750260155 95.51623721267623 1.2761501977793623 4.913659571747542 62.90158784987337 222.63780579912003 839711.9362391661 5.85160143579052e-06 7.49085312894228e-05 0.0002651359307767521 0.28252878087842703 1.5348928733569778 13.372216695435863 16.24158019194396
86.33 -0.9751747233546886 66.62135912064149 0.11847780391345404 454.6740762623266 975.8663366336634 314.34729950861987 1406.25 252.12601705715124 100.0 656.25 718.75 1125.0 1437.5 406.25 454.6713914672332 222.27710713022378 321.50122411800396 1.4463982740680916 4.617852570717385 37.094001528287905 210.5795635532103 64771.9948441232 7.129396866393357e-05 0.0005726857975820621 0.003251089673245046 0.1761519536957099 1.3522812305612286 5.632068469077508 18.81518729517093
75.7 -0.41032115521186757 72.46890926326846 0.10317395834952583 224.7760215601768 864.945652173913 203.34114027643915 1343.75 129.27693761814746 100.0 700.0 750.0 890.625 1081.2500000000002 140.625 224.7760215601768 143.78389918367512 158.9406490933346 1.1054134016097148 5.28841564197711 91.2558564804792 425.1486448885868 185950.14804450393 2.843996467650792e-05 0.0004907544169238235 0.0022863581952450762 0.21464458978669318 2.255039029637069 18.84860965411696 31.646959810670218
70.5 -0.4345764854614414 71.39539382263888 -0.03048606384258556 311.1157959738854 880.8075221238938 224.44578500836107 1812.5 124.47627065549375 100.0 718.75 781.25 906.25 1062.5 125.0 311.0796354242649 158.70713658815004 219.96651969753663 1.3859900973978039 9.337949434379599 66.42026666561537 228.86649116092812 46232.541750396726 0.00020197785111608036 0.0014366561765997955 0.004950333304116125 0.29021402971093646 3.5170874005527697 14.604340374351116 22.90299019939998
68.6 -0.5628573947653474 66.76482468985466 0.05222756375294703 311.62078698468173 937.7948113207547 219.82113439962495 1750.0 127.80348878604484 100.0 781.25 843.75 937.5 1140.625 93.75 311.62064486143225 155.43701478209425 220.3490711392436 1.4176100296840426 5.4288433608739615 151.47934982544297 522.5825767161692 156540.60137929503 3.468009777041787e-05 0.0009676681224598803 0.003338319720964666 0.2898668202398108 2.0165519879329357 34.993459037903186 39.08594545077591
72.27 0.38519852788720743 67.91802218668548 -0.016184542986071686 346.8230210535228 930.0595238095239 240.1916633594769 1562.5 167.2619047619048 100.0 718.75 781.25 1062.5 1187.5 281.25 346.8209384013737 169.8411539459625 245.23943740109323 1.4439341214033425 11.743108894966877 136.38804668271214 574.1788864171037 91120.86225930914 0.00012887398784208905 0.0014967817830189418 0.006301288993327586 0.23753580967384277 3.800093006900028 27.46983473422338 48.85311159295312
69.78 -1.774054935641172 66.33098392157721 0.1285188008356212 385.56154537195204 960.8616504854369 275.5358872370863 1281.25 208.34315204072016 100.0 687.5 781.25 1062.5 1337.5 281.25 385.5516856069567 194.8332943255956 272.6262113905829 1.3992793805302275 2.4594006734036764 85.2990254785012 456.94369037464406 101994.11047341574 2.411316361295888e-05 0.0008363132447802853 0.004480098784662122 0.18667294740094845 1.6503785685843848 24.852025656576085 43.51570548264182
72.98 0.04798832923832917 69.74756483966675 0.018418639967942425 294.4654006145559 898.0855855855856 217.83155451765018 1281.25 148.28849119389662 100.0 718.75 781.25 906.25 1156.25 125.0 294.4543000872564 154.03016935583756 208.21063234123758 1.3517522782191673 3.2160623581245043 134.78335038179094 477.21349233209463 146282.62149345392 2.1985266091696488e-05 0.0009213900394027491 0.003262270579102588 0.2824382641050616 1.1863375337438384 19.786597735017388 46.85816858859365
67.37 0.16168271595863193 65.6650701776059 -0.008998610731115037 385.1001621669226 978.2475490196078 291.0463427805845 1375.0 216.0947712418301 100.0 718.75 781.25 1062.5 1437.5 281.25 385.0996649866704 205.80084261969566 272.3065845447423 1.3231558290941705 13.073360709279408 111.36025936129816 385.2229084099187 97782.57380840306 0.0001336982674939155 0.0011388558822300941 0.003939586507149336 0.2890800545091125 4.062341865746541 21.763466312108356 34.25364402430414
74.47 -0.20813551275094966 64.63028327572142 0.04811658266899579 506.63768456467255 1020.8333333333334 338.9420709067488 1562.5 252.38715277777783 100.0 687.5 781.25 1156.25 1453.125 375.0 506.61034591688673 239.6682367675737 358.2276110170931 1.494681213699988 3.674460460351769 57.526510387809545 422.89720579368674 108412.31392777957 3.389338652802452e-05 0.0005306270874924011 0.0039008226138905755 0.13602953530951975 1.331132965651342 12.882788590213337 38.55565640937988
68.67 -0.48873171374599134 66.90167206829426 0.011733300479762714 400.5898110176749 962.3786407766991 272.4436854255382 1156.25 214.90008483363187 100.0 687.5 781.25 1078.125 1343.75 296.875 400.57563471881633 192.64677745585263 283.2497476877804 1.4703061812320768 28.031990008576937 153.5561643344129 661.6790392246812 182465.13259655924 0.00015362929678492196 0.0008415644246615285 0.0036263313971754323 0.2320704680540304 8.368604084994795 25.8059929898427 58.43530346994135
77.57 2.199635922330097 65.67566454968063 -0.1430924111442941 359.8209615729118 966.6262135922331 252.9881393133598 1187.5 196.19544726175891 100.0 656.25 781.25 1125.0 1250.0 343.75 359.81770076496383 178.8896288682437 254.4295362018579 1.4222710271776071 7.871247516504173 60.957154847525025 371.0448511955135 146554.78379282937 5.37085676277276e-05 0.00041593425523177996 0.0025317825975576785 0.16428513871333864 2.3129517049425283 9.653168590976692 28.967697589454744
90.03 2.25048010242185 67.37702168251298 -0.12933250040827027 315.56446478023923 955.5288461538462 249.46202286238227 1156.25 209.66623520710058 100.0 656.25 750.0 1156.25 1218.75 406.25 315.4581219492409 176.39628801450405 223.06257721068107 1.2645536916986593 2.873240589917536 63.13599903629827 332.9967432662179 234854.55375034708 1.2234127650647224e-05 0.0002688302101368344 0.0014178849758229386 0.1895994489826692 1.6730302353117403 12.440280632209632 32.15766296507187
76.17 1.740871385895658 67.85755789821388 -0.13237061696550256 382.62128050608544 958.8341346153846 285.6317467023774 1312.5 225.20455806213022 100.0 687.5 750.0 1078.125 1406.25 328.125 382.60095109866177 201.97214501540935 270.53972701028636 1.3394902895626803 3.48955070275845 114.1101463120761 721.3029335220939 162629.17195172232 2.1457101827920202e-05 0.0007016585335990676 0.00443526167455503 0.15820003081767703 2.047479874050477 21.04135293159572 47.850796314531216
72.65 0.6217565563895838 68.90651444331124 0.007312211987514563 282.30896318474277 909.690366972477 211.07265885344236 1062.5 133.80607692955132 100.0 750.0 812.5 906.25 1137.5000000000002 93.75 282.23718401242974 149.25090839834385 199.5718267181845 1.3371565296308712 4.653944318649282 102.22026907065239 406.97403138209177 148840.5745874046 3.1267981405945975e-05 0.0006867769044429812 0.0027342949495475226 0.25117147824766695 1.592234922784023 18.38096075909058 34.71743462785389
61.57 0.070358146992927 65.32109495163412 -0.005504769807329458 339.12327491376243 962.3786407766991 241.29093260094555 1250.0 184.57206145725328 100.0 693.75 781.25 1078.125 1250.0 296.875 339.1144176872351 170.61845468095478 239.79010434477124 1.4054171618958973 3.0170574985992356 143.89789133568428 511.39480500469637 173214.88301184017 1.7418003846661394e-05 0.0008307478481848935 0.00295237219869692 0.2813831699646671 1.7205593014165292 41.56975683063269 37.92266189459462
59.92 -1.5073529411764703 65.3707981631042 0.044340252230759554 409.83990776887504 975.2475247524752 266.99348384308036 1250.0 208.60087246348394 100.0 687.5 781.25 1093.75 1375.0 312.5 409.80940691985097 188.79290295806302 289.7790106270639 1.5349041520455518 2.342562417970456 45.699671925628785 271.49173620566484 49974.2922825813 4.687534952419854e-05 0.000914463613956121 0.005432627933388346 0.16832804034598545 0.9273943617118495 10.506399723108647 20.177337823718354
82.6 1.4508095060279527 67.63937760942848 -0.08321553926165212 346.38771752115366 945.0120192307693 277.4007150432378 1375.0 223.18786982248523 100.0 656.25 742.1875 1125.0 1312.5 382.8125 346.30466263237054 196.15192671307057 244.8743753038688 1.2483913842053105 3.6925320523271035 53.048686311419154 453.47985705288346 155400.1661666446 2.376144211047617e-05 0.00034136827276318334 0.002918142677959499 0.11698135096049653 1.333990528776173 11.414597646758045 32.24034282283333
72.13 0.3559988351776354 64.11216543776331 -0.009632620145923814 325.0300466879947 986.6955445544554 259.61352560713937 1375.0 184.16086658170767 100.0 718.75 812.5 1093.75 1250.0 281.25 324.8761783356853 183.57448444455562 229.72214874713322 1.2513838698346742 3.6224125975217394 60.2907405152799 302.1249487554393 93764.71907785325 3.863300219045113e-05 0.0006430002788705658 0.0032221602296337456 0.1995556499509194 1.1082639431721462 10.920589558021742 26.64629815125668
86.22 -0.3920018660584698 68.4069397177635 0.03626662369112627 369.27216126664416 937.5 250.4460306846852 1031.25 213.6904761904762 100.0 656.25 718.75 1093.75 1256.2500000000005 375.0 369.27216126664416 177.09208661839506 261.1148493350564 1.4744580309662108 1.40129455352861 33.647915915164596 220.13691628481794 319808.79022444977 4.3816636576660285e-06 0.0001052126049804624 0.0006883391670701746 0.15284994667423335 0.6335303839717532 7.963275435052162 18.500908132195814
86.5 -0.34657393577296475 66.31995042638776 -0.013887896008548267 303.19896380180035 958.2331730769231 234.9196626806067 1062.5 203.62194896449708 100.0 665.625 750.0 1132.8125 1218.75 382.8125 303.19835660662545 166.11328651551332 214.3936140011619 1.2906469945806514 7.699745817437242 49.38337013897895 180.45861925063178 382616.15279823716 2.0123943438157736e-05 0.00012906765639092085 0.0004716440169367131 0.2736548154033715 2.2378173100685954 9.142389194040602 18.217393207423743
105.77 -0.8066451451714702 62.13338769439284 0.10897658983876611 266.42801414031146 1020.2963917525773 221.70051932840775 1031.25 177.24386225953876 100.0 675.0 843.75 1156.25 1187.5 312.5 266.3771010853577 156.76594060969637 188.35705453027086 1.201517713590783 1.082118661019995 20.56196954311541 133.48740988270353 263867.021824289 4.101000017124481e-06 7.79254997496723e-05 0.0005058889472425007 0.15403677066761112 0.37692088905964705 3.9145168018951146 13.638456448088673
88.05 0.6000370679269762 70.29585030556673 -0.04406645502283768 341.1358936211003 906.25 224.1110753233066 1031.25 191.5137614678899 100.0 625.0 718.75 1125.0 1187.5 406.25 341.0961318756863 158.47046110011922 241.19138788579866 1.5219958736247863 9.768807811781649 38.00656513716831 206.3116471337385 377441.1490506552 2.5881671450906396e-05 0.0001006953408041569 0.0005466061335724951 0.18421919297911044 2.511354451241383 5.248845034463398 19.616545879824645
101.18 0.8713525552117786 67.83287382974034 -0.014421568024440092 379.511194783526 954.0264423076923 265.057252791798 1187.5 224.52847633136096 100.0 656.25 718.75 1156.25 1281.25 437.5 379.4839069448471 187.42378085175733 268.33564395186613 1.4317054257063888 1.9438956973993435 94.9236202781775 372.6545571564862 287498.33318944805 6.761415538776033e-06 0.0003301710282112392 0.001296197278858393 0.2547228215924296 1.1987008062627253 19.640929135404782 41.995116111999806
70.27 -0.21450654571014363 65.41276819288082 0.016960457653080838 286.02630076689127 961.4684466019418 213.25020538469852 937.5 177.01362051088697 100.0 718.75 796.875 1125.0 1275.0 328.125 286.01826058416503 150.7906663169443 202.2454516022441 1.341233224456664 5.66750021492237 94.46040754382967 520.2908921572573 110881.72129348502 5.1113025202066105e-05 0.000851902427576941 0.004692305332996554 0.18155306765446727 2.9229882987086033 24.979461628448895 38.00492501455028
90.18 0.6884802091112769 67.66184928702195 -0.04267333551883822 371.39556547422796 956.6140776699029 263.3435723681982 1000.0 229.5221038740692 100.0 656.25 687.5 1156.25 1250.0 468.75 371.3893734493769 186.21202580344325 262.6119444266775 1.4102845575821104 20.210980656961272 68.62073391536535 274.23839366068705 325494.3993793797 6.209317486106537e-05 0.00021082001424972143 0.0008425287629635948 0.2502229283047407 5.839047059855549 13.423970319712447 29.167713954483457
82.33 1.3715783343040189 67.13343828227647 -0.040892825155560836 450.8455597541136 979.8886138613861 335.2367319220282 1531.25 247.0100970493089 100.0 656.25 750.0 1093.75 1375.0 343.75 450.8451265401457 237.04816644488287 318.7956462414441 1.3448559886480653 7.97123913087902 140.0660084751177 656.5541839046176 257582.8567271303 3.094631076059278e-05 0.0005437706928745504 0.0025489048155100495 0.21333503297797293 2.283538007847293 23.51620511299599 62.68360974971586
73.12 -0.3739716680121477 71.8952469317799 0.04423224304958431 209.3679022158384 854.7952586206897 153.5463453537232 968.75 97.1964179548157 100.0 718.75 781.25 875.0 1062.5 93.75 209.3679022158384 108.57366202602921 148.0454634196213 1.3635485868030244 7.612511543563215 138.4420754355148 355.5015308642166 115903.74831904809 6.567959754509635e-05 0.0011944572754836668 0.003067213407849658 0.38942750850879626 3.020244338635283 23.294442530336653 27.2878339981901
66.37 0.7895017603755471 67.04745095028098 -0.036225736964647794 347.4262817316273 951.9230769230769 265.86962282753484 1281.25 191.98409763313612 100.0 696.875 781.25 1031.25 1337.5000000000005 250.0 347.41979041090656 187.99821321285958 245.6628897179611 1.306729917905183 16.566248009390595 97.25123136927888 482.2052764820638 100777.83210527735 0.00016438384973477797 0.0009650061857620194 0.00478483478368863 0.20168014767232903 5.035484849705957 14.490293452170045 47.12331036241669
87.98 0.6843616834336425 68.00070279146769 -0.03264543409298661 418.17664508565997 961.4684466019418 287.67288107220514 1000.0 255.47294749740786 100.0 656.25 703.125 1218.75 1375.0 515.625 418.1513925169563 203.41544496962746 295.6776852113376 1.4535655601544222 0.5508159386230241 31.697526662635788 335.87441038638383 106503.79348862133 5.171796426968324e-06 0.0002976187572701088 0.003153638000906212 0.0943731516377551 0.15698601264862336 7.226606201750785 32.29448536064328
77.8 0.8988972291724586 71.7773068963156 -0.0967643902524917 323.2245396148926 903.3830275229358 257.67815287450304 1125.0 209.6782678225738 100.0 656.25 687.5 1062.5 1256.25 375.0 323.17272968428387 182.20596926118495 228.51762865432417 1.2541720207132914 4.133526479186965 36.44274678390496 222.03653977410133 147790.4607564529 2.7968831398385667e-05 0.0002465838904444567 0.0015023739599810853 0.1641295023827231 1.7100788835473468 9.806335276550518 24.02323966244922
69.0 0.48610836240677197 64.73653506561747 -0.07101440545247915 350.1734453548458 977.0220588235294 252.0187514978708 1562.5 180.02090542099185 100.0 690.625 843.75 1062.5 1337.5000000000005 218.75 350.17289858516875 178.20416817031182 247.609631177322 1.3894716028228844 1.9459284448159742 59.14220540078805 336.2067346430656 159190.69425167018 1.2223883148217113e-05 0.00037151798149261193 0.0021119747999311096 0.17591023411109377 1.1511485785856745 10.995362380417815 29.56291937963049
68.38 -0.23908487069925674 70.04978338189213 0.01815173499762422 215.36573004308545 873.0811403508771 152.88509938385715 906.25 103.10864881502002 100.0 718.75 781.25 906.25 1125.0 125.0 215.36413202870264 108.10609051670464 152.28543818185057 1.4086665927329904 5.868866650331512 128.61470416190036 506.68453855725727 173047.10045050885 3.3914851130429645e-05 0.0007432352453584388 0.0029280151891488532 0.2538358571748019 2.9630069245211623 27.112964110057185 35.46662386206347
69.37 0.06795567368097327 65.89975879324727 0.01273436231407446 306.2018519574251 949.6359223300971 208.71272638770293 1343.75 142.0020737110001 100.0 725.0 843.75 1000.0 1231.2499999999998 156.25 306.2016986857161 147.58218414867721 216.5172975515098 1.4670964439270393 4.063789630584264 97.96473304858247 567.9531372360973 142104.8248060117 2.859712635465947e-05 0.0006893835813267764 0.003996719590706467 0.17248735261032405 1.9067749677441037 28.61017031342399 58.08768652804842
64.98 -0.8245555711086224 61.35361281136695 0.05638927670856084 409.5102403702319 1038.8157894736842 281.6596355124538 1750.0 200.3462603878116 100.0 762.5 843.75 1125.0 1425.0000000000002 281.25 409.4665165832326 199.16343825738738 289.53655054483767 1.4537635676416536 1.8286988985913848 90.44453197436434 551.3657124860974 111472.98364221364 1.640486186734555e-05 0.000811358313191448 0.004946182424395978 0.16403728038610105 0.9485889837750637 18.711302144266277 45.336133420204916